Bitte n der Mauer eingeben: 14
Lösung: 
 | 1 | 2 | 3 | 4 | 5 | 6 | 7 | 8 | 9 | 10 | 11 | 12 | 13 | 14 | 
 | 2 | 3 | 4 | 5 | 6 | 7 | 8 | 9 | 10 | 11 | 12 | 13 | 14 | 1 | 
 | 13 | 12 | 14 | 11 | 10 | 9 | 7 | 8 | 5 | 6 | 4 | 3 | 1 | 2 | 
 | 12 | 14 | 11 | 10 | 9 | 8 | 7 | 4 | 13 | 6 | 3 | 1 | 2 | 5 | 
 | 11 | 13 | 14 | 10 | 9 | 6 | 7 | 4 | 5 | 3 | 1 | 2 | 8 | 12 | 
 | 8 | 11 | 3 | 10 | 2 | 6 | 1 | 12 | 9 | 5 | 13 | 7 | 14 | 4 | 
 | 7 | 11 | 5 | 6 | 1 | 12 | 4 | 3 | 2 | 8 | 13 | 14 | 10 | 9 | 
 | 4 | 12 | 1 | 14 | 2 | 10 | 9 | 6 | 3 | 7 | 5 | 8 | 11 | 13 | 

Benötigte Zeit: 42271 Millisekunden